Year	DOY Histogram
1992 - [ 68  34  40  67  38  84 130  67  31  56 123 111  30  35  62 132 181 132
  72 153 233 177  27 117 226 132  68  21  33  48 153 263 244 391 401 119
 209 202 287 271 312 324 302  46  46  70  77  51  64  69 172 279 382  46
  30  16  30  78 274 441 539 749 493 416 133  28 109 210 213  50  65 129
 175 397 346 341 429 144  91 105 199  79  81 135 109  96 205 315 141 123
  99 162 248 335 543 535 348 158 245 303 287 178 138 194 238 246 159 210
 171  83  73  55  55 120 118 124 147 204 276 261 270 339 389 348 266 270
 305 320 239 355 305 201 201 149 170 179 202 215 198 185 168 184 246 308
 237 197 124 127 137 153 144 147 101 131 123 117 107 118 116 115 139 123
 155 143 125 131 123 112 111 124 118 148 174 150 161 127 125 113 146 147
 121 100  87   0 106 176 319 202 166 121 103 124 143 123  96 145 144 124
 133 110 159 107 104 103 107  95  79 106 135 128 145 139 119 111 125 157
 112 137 101  81 106 113 113 121 127 106  99  98 105 134 111 111  94  88
 108  79  81 100  87  90  90 100  98  93  75  72  82  55  82  83 101 109
 102  76  63  62  85 112  82  96  95  65  81  84  90  83  84  71  84  80
  96  78  74 110 119  88 125 102  96 116  77  92  92 101 102 131 153 140
 114  72  70  65 114 107  76  83 114  99 127 132 141  91  68  52  22  33
  41  27  34  17  17  28  33  33  52  46  47  16  31  57  64  52  93  93
 114  98  25  15  12  16  18  15  24  25  31  36  56  71  59  44  48  36
  21  20  23  15  34  35  38  42  23  15  13  20  15  21  16  16  23  51
  22  26  27   9  10  13  20]
1993 - [ 45  54  62  23   5   5   8   2   2   5   2   5   7   6   6   4  10  19
  10  12   8  13  50  10  22  47  81 127  91 187 291 295 309 336 342 230
 251 172 145 167 146  41  26  49  71 105  15  40  75 110  89  83 129 161
 170 108  17  34  58  86  70  26  39  64 141 185 332 441 597 296 105  63
 105 148  48  12  31  59  85  64  60  58  63  55  28  65 116 164 140  62
  83  90 151 182  98 117  92 135 118 183 172 246 227 262 161 137 286 229
 286 232 227 323 336 256 253 188 128 240 232 215 256 205   0 119 140 133
 117 120 157 198 197 207 216 140 149 187 164 150 133 112 112 162 194 172
 150 154 123 108  80 148 153 136 103  98 134 143 126  96 152 156 189 169
 165 170 139 142 148 178 196 216 231 178 155 138 163 162 160 176 168 160
 150 122 140 156 230 343 270 197 175 171 161 189 235 193 209 199 172 152
 177 174 159 154 146 159 124 145 159 132 124 162 153 196 217 240 200 152
 119 111 106 113 104 123 113 119 101 139 105 123 139 119 123 126 128 115
 132  99 169 158 126 131 129 137 135 125   0 138 135 139 124 120 139 139
 121 127 121 230 186 153 126  85  71  67  96 110  73  64 109 117 137 177
 155 119 127 172 220 199 225 201 182 165 202 111 104 138  96  88 124 121
  71  58  28  26  50  61  66  57  62 114 101 119 134 134 161 107  61  58
  87  87  85  51  52  68  62  87  65 101 119 114  75  72  54  60  48  56
  40 108 139 161 171 174 222 112  69  56  75 110 107  94  57  59  19  41
  48  76  70  18  40  68  61  27  16  29  23  29  19   9  18  21  27  12
  55 100 108  89  35  48 100]
1994 - [ 36  25  26  39  52  79  74  53 108 124  45  17  28  50  92 114  71  24
 100  86 160 218 172 302 210 126  28   6   8  19  31  64 121 168 137  75
  91  81  75  64  23  31  30  52 155 153 300 413 465 518 174  97  91  41
  36 141 291 337 303  50  20  77 212 457 465 420 348 152  38 141 367 234
 411 627 591 663 572 884 538 254 498 369 157  80  93 113  65  71 137 215
 329 414 235 237 225 128 155 248 235 260 253 207 185 255 146 241 428 518
 433 408 377 383 549 326 177 138 108 109 135 188 141 143   0 114 109  85
 109 227 224 164 161 145 141 182 178 127  98 147 194 151 176 270 245 319
 213 182 168 129 174 181 197 148 143 189 154 182 125  86  89 108 139 130
 111  99 144 119 141 138 122 112 112 103 124 134 122 143 166 171 181 142
 157 136 142 188 221 337 176 151 135 162 156 164 167 136 121 133 134 124
 128 137 121 113 108 111 115 104 122  89 117 105  97 114  87 108 110 115
  98  97 119  92  90  87  98 105 114 119 109 107 107  81 108 104 109  83
  78  73 106  90  94 148  85  93  70  83   0  74  78  70  74 109  90  94
  77  75  70  68  72  83  78 105  73  73  93  76  89  70  66  67  78 104
 120  92  90 101 102 123  63  96  73  52  75  91  65  79  55  62  57  46
  41  48  59  55  58  48  35  53  62  46  63  49  48  92  96 118 127  75
  92  88 102 142 135  49 127 152 113  33  54  89  97 112  80  81  51  77
 132 208  67  81 168 131  86  49  41  21  21  35  59  68  43  21   2   3
  20  26  20  22   7  21  15  25  16  14   9  22  49  39  46  17  34  55
  52 115  87 135  73  85  24]
1995 - [ 15  28  34  63  81  38   9  26  30  51  56  52  47  18  11  15  24  26
  21  48  88  63  23  34 103 113  34  33  17  30  67 142 226 214 183 276
 203 126 190 175  71  65  53  62  55  14  29  30  56  77 127 208 308 341
 390 787 538 119  20  14  54  63  78  33  41  72  14  72 169 449 419 436
 342 294 329 284 510 479 495 339 367 401 457 779 499 194 318 255 236 164
 412 541 628 347 359 343 383 582 463 446 161  62 137 361 368 237 233 227
 255 170 128 256 167 100 176 171 142 225 347 247 158 106   0 131 142 179
 354 253 201 100 102 107 144  87  69 115  92 123 117 111 163 150 179 168
 153 147 164 179 137 157 137 121  99  76  98  72  73  93  67  86 113 103
 115 102 106 122 131 161 169 115 152 105 129 152 142 150 152 141 144 126
 110 145 162 147 155 243 189 141 153 147 144 153 126 168 149 167 149 137
 118 128 144 146 126 115 146 169 181 187 155 153 172 172 188 167 220 144
 127 128 145 119 119 114 204 129 141 118 147 153 180 163 181 128 123 154
 162 170 143 122 158 123 150 182 206 203   0 183 246 282 282 232 233 185
 223 223 231 234 190 149 115 123 135  91 117 137 118 129  91  93 107  74
  67  96  89 122 135 122 127  71 103  60  58  77  94 113  94  95  99  92
  96 136 139 181 154 140 129 238 248 167 135 163 128  81  97  98  63  41
  45  23  49  62  58  58  46  38  55  95  46  41  46  46  52  55  78  85
  93  87 198 234 151  88 109 196 190  86  57  87 117 189 157 106  64  61
  60  28  32  69  83 118 191 121  79  52  51  25  23  26  42  27  61  61
  71 171 139 141 194 146  15]
1996 - [ 26  23  21  39  56  43  29  62 147 123  99  74 214 212 136 133 155  58
  59  79  76 120 157  57 131 107  68 106  59  54  34  31  19  16  35  63
  83 180 169 163 318 456 490 596 652 323 271 625 545 284 110 151 156 278
 697 696 471 288 103 101  82 377 464 712 403  52  32  62 149 198 273 451
 568 375 295 220 137 103 151 161 189 317 748 656 146 145 145  36  41  80
  79 133 194 366 306 217  83 135 251 264 424 587 589 347 231 169 197 360
 386 207 187 231 201 238 225 306 172 359 515 263 195 175 240 237 379 193
 221 136 101 127 186 234 248 259 181 128 114 173 223 190 178 153 175 211
 184 180 206 200 144 128 102 120 155 144  94 142 158 148 147 142 132 126
 108  98 111  88  88  93 109 132 109 102 108  95 132 102  99  89 133 125
 162 184 203   0 202 211 511 382 231 204 144 115 156 133 118 101 121 102
 107 111 105 122 164 142 160 155 126 106 100 104 110 108 130 132  89  84
  89 112  91  87 116 110 125 152 125 126 103 109 129 116 171 142 134 139
 117 148 167 127 141 127  96  93  94  83 105 110 117 100  75  52  78  92
 101  81  80  85  63  83  88  68  65  48  49  37  79  58  60  77 100  92
  97  71  87  85  79  56  61  58  63  85  71  60  64  58 106  96 127 111
 107 116  93  76  74 101 123 111 129  55  93  77  52  72  68  48  95 152
  75  84  85  83  82  74  61  47  51  70  65  83  56  72  88 153  84  45
  15  23  14  29  31  58  47  14  44  25  36  34  20  11  21  19  11  24
  31  53  86 154  86  51  15  33  58  31  20  14  21  27  48  85 140  57
  23  21  13  12  17  30  33]
1997 - [ 34  39  51  80  71  35  40  33  17  23  31  42  53  83  94  37  87 172
 148 291 280 147  85  52  53 104  87  55  51  45 150 254 172 108  63  58
 126 141  32  41  20  57  69  27  26  47 103 285 425 239 292 166  97 156
 191 158  52  86  78  68 103 112 200 175 227 383 526 379 234 429 469 189
  34 105 189 199 145  75  76 225 470 465 615 229  97 312 190 278 195 391
 495 671 625 439 468 144 263 304 351 423 381 154 226 285 320 340 463 413
 434 373 264 212 142 204 259 308 178 148 193 154 164 160   0 261 310 190
 262 240 141 145 237 243 156 161 183 193 228 325 216 198 137 160 183 161
 180 115 162 124 107 104 109 125 100  99  78  74  95  88  82  73 132 131
 112  88  88  95  71  98  89  99  86 103  97 122 146 144 129 172 112 130
 146  90 147 132 137 373 291 194 120 103 124 104 126 155 140 173 156 131
 126 121 123 124 124 127  83  78  80 112 113 102  85  85  98 106 107 121
 124 127 144 121 130 119  99 130 100  83 119 103  97 102  85 106  82  69
 104 103 111 149 124 124 119 158 144 148   0 137 122 109 144 204 236 244
 231 141  90 106 137 155 172 159 242 183 158 226 271 250 188 133 121  39
  43  68  58 108 128 136 181 151 185 215 162 142 153 140 136 234 205 163
 104  78  84  82  97 121 134 123  58  91  46  38  33  47  59  34  72  56
  23  63  73  61  59  40  33  37  36  28  29  22  11   9  15  14  22  42
  55 102  25  20  24  58  96 107 177 155  48  10   6  27  27   8  32  47
  37  17   7  17  13  19  12  20  47 114 123 127 202 129  45  21   7   4
  13   9  16  20  28  42  79]
1998 - [133 158 137  74  37   9  15  12  14  13  30  20  10   5   2  10  21  17
  22  24  38  13   4  15  25  34  13  41  55  92 160 183  42  26  50  37
  38  81 107 102 133  32  61  43 166 169  10  43  49  35  73 207  46  46
 145 335 304  52 140 188 231 151 229  60  30  21  14  28  47 101 149 199
 433 366 244  59  32  44  66  88 160 229 159 263 418 493 614 489 622 400
  97 313 117 235 302 292 312 162 192 299 494 626 456 163 148 140 133 168
 162 135 177 238 250 262 338 317 196 188 162 146 107 120   0 128 122 109
 117  71  89 119 109  95 110 135 106 119 170 175 176 181 177 154 158 183
 174 198 192 156 141 118 107 135 194 162 175 142 135  99 147 148 116 129
 118 111 180 196 230 235 215 239 209 204 180 226 211 200 188 160 193 241
 308 337 260 221 258 339 263 207 218 203 185 166 167 178 207 148 133 135
 154 152 192 179 173 180 166 137 142 154 148 173 177 155 169 231 211 234
 244 268 209 144 121 161 146 131 160 125 118 121 116 108 100 122 126 132
 154 168 150 167 180 203 236 286 176 207   0 172 157 152 235 277 221 255
 211 308 234 196 199 231 233 185 165 135 112 115 112  66  64  99 107  99
 138 146 109 103  71 103 124  88  71 102  82  82  59  65  73  87  97  65
 127 129 172 194 201 134 178 203 237 207 318 267 296 290 344 207 214 348
 309 124  65  61  93 120 174  94  67 106  47  77  78  66  62  50  72 117
  95  37  97 124 163 185 175 155 329 335 335 321 201 262 224 241 180 159
 164 137  93  70 166 131  21  38  43  69 102  75  76  46  61  36  50  10
   6  13  13  16  13  58  72]
1999 - [ 92  56  23  35  52  73  80  71  24  41 123 230 186  77  65 200 108 144
 265 130 187 197  52  32  97 146 173 139 111  89  49  24  22  36 122 184
 283 235 217 108 173 284 147 250 295 571 477 241  71  91 172  99 242 191
 218 327 386 355 301 446 485 246 303 344 239 381 344  89 135 184 286 273
  61  64 245 505 610 497 845 230 402 471 343 186 194 484 515 343 590 401
  79 148 256 224 400 250 366 363 452 365 507 606 462 398 276 281 373 384
 348 286 355 428 341 411 364 248 211 208 183 231 291 301   0 281 206  94
  88  90 159 159 155 105  96 111  86 153 136 136 132 120 144 177 201 132
 136 220 159 141 179 221 204 198 188 175 116 142 160 210 181 215 205 171
 169 195 164 146 106 102  98 101 146 161 119 115 129 155 104 121 130 112
 113 110 123 139 193 303 285 180 166 144 149 140 163 128 106 110 113 104
 125 119 107 103 106 112 139 138 117 175 148 159 157 165 196 192 213 232
 209 184 184 229 170 155 146 168 187 187 232 214 205 254 273 325 202 243
 310 249 170 170 179 138 197 230 283 280   0 287 249 247 270 291 288 234
 192 156 275 252 288 208 262 448 546 420 403 261 173 134 268 342 330 385
 297 207 155 130 124 197 203 173 106 154 205 163 113  74  82  75  72  65
 118 145 153 156 133  94 110 200 262 260 258 323 321 260 318 277 298 273
 182 112 142 189 205 277 325 331 319 288 261 265 372 481 522 432 389 476
 413 217 138 130  98  57  24  59  70 107 158 206 203 305 248 244 178  56
  71  85  97  48  70  56  32  38  77  97  90  69  66  32  40  42  40  94
  68 176 347 305 267 320 226]
2000 - [330 204 255 122  86  98 155 137  84 110 208 198 336 312 423 314 253 152
 130 196 210 216  81  48  71  97 103  33  21  29  38  77 109 243 385 323
 426 393 301 474 720 325 229 168 129 299 243 229 218 225 376 526 612 560
 473 632 840 146 260 423 390 547 513 436 739 729 902 777 564 386 301 185
 282 458 423 107 113 178 115  90 108 208 298 297 466 393 163 394 202 222
 293 629 178 112 181 350 419 387 491 350 328 212 194 162 116  85  96 181
 186 197 279 334 366 228 242 201 220 235 209 309 322 289 192 284 211 195
 282 274 224 219 212 236 223 194 224 351 316 238 294 280 277 189 151 155
 227 184 167 164 181 284 243 276 267 282 255 192 157 181 223 184 228 234
 226 217 224 240 152 138 158  88 105 104 136 108 132 154 125 156 147 123
 119 115 205   0 225 226 374 377 249 192 204 199 203 226 186 202 193 295
 280 292 232 257 331 250 232 159 189 244 198 185 195 207 144 130 116 119
 117 108 145 178 184 167 177 186 179 233 238 278 274 254 299 278 252 271
 254 242 223 225 207 280 259 250 300 296 288 211 271 227 313 262 182 130
  91  97 108 139  90 106 125 214 231 299 249 315 193 152  95  94  90  97
  87 107 155 185 191 197 179 178 158 132  67 106 168 148 206 256 256 280
 268 229 192 212 177 212 208 221 239 274 278 274 220 242 346 379 407 440
 421 348 262 195 143 159  73  78  69  68 110  98  64  37  60  43  43  55
  50  74  81  98  79  97  26  14  44  81  93  90  75  60  40  94 131  60
 151 184 108  43  43  88  42  20  20  47  69  62  34  56  67  99 105 104
 177 188  93  18  25  48  89]
2001 - [156 160 158 159 382 448 281  67  72 161 141  39  69  51 106  69  43  46
 176  20  30  59 142 197 247 293 515 331 436  93 226  95 133 320 330 343
 584 609 699 584 132 179  75  36  45  94 136 134 170 402 233 209  73 114
 195 112 175 225  92 219 138  81  44 113 271 242 369 230 489 569 120 203
 229  44  58  72 157 264 128 140 182 271 396 299 295 337 330  74  30  68
 272 198 103 100 163 156 327 279 327 305 291 245 232 283 103 236 327 423
 510 322 451 332 373 275 274 453 506 704 685 456 342 380   0 401 385 340
 356 362 279 254 238 278 243 277 350 326 249 232 286 278 218 165 156 191
 254 192 225 197 191 107 137 117 136 146 149 124 105 110 117 121 142 155
 112 139 183 102 134 149 158 174 143 165 147 116 146 152 115 118 103 109
 129 149 160 171 176 349 213 155 166 162 157 147 122 150 118 161 134 167
 177 138 136 135 141 150 144 140 157  99 122 129 127  96 141 139 165 148
 150 178 192 168 192 180 143 150 163 132 109 137 121 115 114 124 151 142
 139 103 129 155 167 124 119 110  92  88   0  85 100 119  73 101  97 108
  80  99  76  63  91  76  78  95 104 104 113 105  75  89  96  95  75  75
  62  85  90 117 142 152 155 188 177 108  73  99 127 114 125  83  74 128
  81  85 140 127 136 114 181 199 154 206 214 366 569 404 410 387 463 523
 365 326 283 434 543 520 543 526 483 641 546 507 474 406 395 441 466 428
 346 231 345 304 215  57  56  49  57  71 106  43  61  75  97 112 161 141
 114 125  98  57  17  13   8  13  29  17  46  24  53  88 113 149  54  50
  44 144 183 239 228 158 129]
2002 - [249 106  58 101  95  39  38  73 162 181 110 130 127  95 163 168 152  64
 241  34  50  92  60  71  66 104 127 163 110 175 121 210 226  85 447 208
  54  40  65 213 111 132 225 226 395 362 817 710 854 650 264 272 239 406
 617 699 558 440 480 609 112  83 125 358 536 616 628 347 511 575 144  83
 245 215 180 155 149 190 195  67 157 460 489 371 109 131 268 405 206 137
 165 242 194 253 394 555 554 386 174 129 240 208 243 245 312 319 353 283
 257 329 273 258 343 247 185 205 161 193 242 246 150 174   0 232 250 217
 172 185 133 126 200 246 209 226 200 265 200 204 188 194 202 292 321 244
 285 300 291 344 233 203 164 148 208 192 201 171 167 189 117 153 171 194
 196 200 194 142 237 159 144 169 131 207 191 146 130 130 148 117  85 126
 148 165 166 157 184 339 288 248 221 175 195 176 142 141 127 126 140 196
 156 140 172 163 137 111 113  92 103  82 101 111 116 167 149 101 143 141
 132 134 209 192 256 235 271 256 340 251 230 185 157 151 164 128 113 138
 152 115 171  99 102 106 103  88  92 122   0 156 142 156 165 167 191 177
 168 226 263 284 243 226 153 109  66  44  65  79  61  89 101  99 106  82
  66  61  58  73  61  99  88  70  86  98  65  86  54  34  51  42  55  75
  57  72  53  42  60  43  55  41  54  29  32  46  47  41  38  30  53  72
  67  83  81  68  61  73  99  74  78  35  27  28  39  52  30  32  35  86
  68  67  84  45  89  87 111  85  62  63 141 255 132 163 106  44  14  18
  13  25  50  27  26  13  20  27  32  58  63  60  38  29  91  57  67  12
  15   9  36  75  61  62  48]
2003 - [ 32  28  24  35  59  80 100 139 138 132 131 115 103 127 138 160  79 132
 208 247 135  75 114 153 150 165 178 199 158  39  34 191 238 156 110 117
  33  19  42  57  35  88 255 241 153 154  23  13  23  39  48  21  30  34
  66  65  28   7  10  31  15  32  53  20  21  61 163 109 151 173 224 100
  56 106  89  95  52  82  87  58 133 316 397 464 266 227 215 118 156 279
 418 348 234 161 112 116  88 147 213 233 320 437 662 704 722 420 238 196
 254 322 272 193 259 256 309 279 316 442 287 273 172 190   0 254 282 122
  61  84  90  86 102  79 163 142 103 127 111 149 174 135 168  86  78  94
 132 132 127 116 127 126 111 119 127 118 116  87  74  72  72  89  82  95
  85  78  93 105  90 125 103  82  83  94 117 106 113 112 125 124 144 154
 178 142 177 174 187 483 360 236 168 138 153 121 150 155 157 155 165 148
 141 123 150 147 136 118 107 147 114 124 131 139 156 115 143  90  85 102
  95  77  77 102  89 116 115  97 117 110 115 119 121 127 131 125 109  75
 105 151 132 102 129 127 127 101 105 133   0  99  73  93  78  82  95  80
  93  97  62  85  86  88 103  78  94 124 109 120 121  96  79  84  92  68
  72  84 111 132 127 124 113 145 127 120  87  83  72  65  96  75  71  96
  77  90 123 118 138 174 287 213 243 272 253 190 107  65  76  96 149 110
 114 125 155 118  39  20  35  61  85 124 103 119 408 217 215  98  67  80
  43  52  58  79  87  46  32  46  44  45  81  89 140 120 102  47  33  27
  45  54  55  12  12  36  24  14  30  27  31  97 124 104 143 180 113  17
  22 109 157 128 109  79 132]
2004 - [188  86 132  98  61  45 105  60  20  37  75 138 142 163 170 220 118  31
  33  67 110 247 310 373 103  44  26  55  90  70 133 131  64  36  55  39
  29  35  65  55  18  49  25  26  25  24  49  44 104 368 245 488 385 156
  46  90  66 134 312 287 232 172 170 215 146  89 563 493 418 291 491 714
 820 374 204  91 297 344 331 510 456 434 590 598 449 388 433 378 352 197
 185 258 325 549 703 611 701 497 276 411 453 151 240 180 249 346 367 493
 384 522 301 305 282 281 400 278 133 204 283 312 232 228 194 153 184 203
 175 259 259 154 183 143 113 112 109 163 115 138 135 125 127 117 134 146
 130 159 145 162 125 153 164 174 118 124 159 142 121 116 152  98  83  82
 108 150 126 120 114 113  83  94 109 145 140 120 114 116 130 129 139 131
 117 136 125   0 147 175 322 199 139 135 100  99 125 158 119 125 121 104
  99 118 119 107 110 123  81 108 145 127 128  95  74  89  91 100 121  98
  89 102 112  98 134 144 136 118 100  89  95 120 108  88 100 115  97  86
  70  72  61  59  69  73  69  85  67 102  75  85  86  80  84  93  96  86
 108  74  81  86 106  63  71  56  60  58 109 131 100 100 113  92 103  88
 119 117 110 117  85  91  61  83 105 101 143  86  79  51  74  78  70  58
  73  43  76  37  43  15  16  35  19  18  25  41  27  22  28  29  43  68
  67  57  61  31  48 104 146 132 111 143  92  31  49  67  89  77  79  51
  49  30  34  24  22  13  14  19  32   9  21  25  23  31  35  36  45  19
   9  25  23  16  29  39  66  64  70  86  75  92 106 193 153  86  16  17
  17  52  57  98  67  89  52]
2005 - [ 123   86   67   91   84   75   40   43   37   62   55   74   55   25
   63   67   89  115  115  148  160  202  175  261  371  239  184  182
   33   23   27   33   32   23   37  164  127  161  179   42   79  184
  335  212   81  106  105  185  316  438  183  119  108  120   33   34
  124   48   33  107  125  117  276  495  439  421  129   93  225  524
 1057  569  246  207   86  148  190  183  228  171  112   59  113  187
  178   67   85  147  274  155  111  218  416  430  545  464  259  251
  542  700  394  276  309  398  566  950  839  679  592  535  352  303
  244  237  201  166  124  190  142   98  108  114  167  262  233  204
  236  240  257  174  167  207  255  195  133  139  142  172  165  158
  191  125  137  153  149  183  196  156  154  174  105  107  130  119
  134  146  151  136  116  120   85   92  121  116  157  178  123  107
  159  178  198  224  214  218  256  234  199  175  156  171  178  261
  300    0  381  668  329  190  211  179  173  182  183  164  194  142
  131  180  157  148  176  166  134  145  155  164  168  192  134  161
  126  154  176  153  165  187  211  225  213  235  161  171  158  190
  193  155  171  129  140  119  133  117  159  163  165  153  167  167
  176  210  171  136  151  117  176  195  201  293  283  258  246  232
  220  311  267  265  243  212  179  141  155  178  217  210  256  231
  209  203  160  117  126  143  106  156  165  148  184  179  155  103
  101  103  120  107  110   89  102  143  178  233  231  186  190  177
  134  154  189  245  182  171  149  190  252  283  328  129  199  282
  220  210  188  235  254  268  329  417  551  305  266  150  128  169
  197  276  223  117  152  295  257  304  265  198  151   75  106  109
  154  215   93   80   90   67   32   46  100  122  171  185   72   94
   63   55   57   92   95  101  160  267  215  115  325  489  353  290
  256  302    4]
2006 - [ 464  518  351  346  435  277  500  726  371  220  180  235  236  341
  263  208  259  273  285  197  164   92   73  124  212  236  323  418
  132  191  267  175  161   90  151  235  187  209  286  276  185  158
  247  238  302  443  555  309  118  100   96  161  123  143  379  246
  358  516  574  665  625  668 1019  971  528  597  850  689  439  515
  439  421  521  675  582  632  592  404  318  239  192  222  309  497
  571  676  497  557  768  646  353  570  421  483  730  626  720  439
  501  703  758  708  563  707  785  577  592  550  519  531  435  234
  230  180  204  221  216  275  395  472  416  265    0  277  263  240
  262  297  204  194  178  148  155  210  147  152  161  193  247  220
  232  198  221  217  224  213  214  230  226  276  249  232  208  191
  239  207  253  278  252  238  296  324  276  275  222  258  344  281
  293  216  262  241  297  277  251  172  223  210  291  323  356  395
  411  406  387  654  443  265  296  270  265  281  278  269  281  278
  310  281  307  344  334  300  251  249  239  235  236  173  192  217
  176  179  229  196  227  230  187  205  242  217  254  217  219  188
  200  225  243  178  202  203  195  201  206  193  161  171  170  154
  143  155  135  131  126  152    0  152  168  164  179  127  165  135
  150  148  142  145   97  110  150  140  141  114   84  101  121  112
  137  129   89   80  117  132  159  122  157  174  135  134  118  134
  133  253  220  175  135  144  129  155  198  203   82   54   50   52
   66   87   77  118  130  123  113  102  120  144  148  131  120   67
  105  140  165  149   72   51   67   95   82   62   60   80  109   45
   41   66   74   88  122  133   96  142  156  147  125   65   60   57
   60   64   76   97  127  169  217  177  203  246  210  174   59   63
   80  138  126  132  115  102   66   27   26   20   14   31   43   77
   53   30   45]
2007 - [ 63  49  44  47  46  47  48  41  73  83  93  63  80  88  78  65  52  47
  49  97  54  41  43  41  75  92 141  67  91 136  82  44  31  51  85 116
 183 174 147 124 186 202 221  69  30  50 104 244 298 417 200 173 413 481
 662 162 249 355 519  99 175 381 316 511 491 616 517 522 436 510 532 543
 406 185 174 311 331 401 342 351 332 387 493 469 426 341 291 338 329 319
 186 194 273 165 212 252 297 250 302 310 172 248 239 216 237 314 310 225
 272 358 553 635 639 288 287 213 199 309 452 387 328 228   0 296 252 316
 389 384 442 328 230 217 242 247 321 239 147 157 193 202 227 283 305 285
 271 263 256 242 304 341 310 223 190 170 149 158 167 169 190 149 164 188
 210 201 197 179 178 207 209 241 218 155 213 245 307 264 241 273 246 230
 229 300 312 285 282 545 318 246 259 228 185 216 170 162 159 176 174 173
 163 106 116 157 159 189 143 147 126 148 177 140 161 160 149 156 170 170
 216 185 150 156 165 192 211 220 230 237 238 260 262 220 193 184 200 202
 180 211 222 146 153 155 196 139 148 113   0 209 213 232 159 202 180 221
 209 148 149 136 112 119  94 109 110 127 105 150 117 135 141 133 163 170
 117 106 137 218 209 214 184 115 112 116 127 121 164 132 149 135 150 192
 195 204  92 119  96  85 125 214 132 111  87  89  97 128  81 128 101 129
 137 152 187 222 207 146 159 117 126 148 159 128 122 160 164 135 136 113
  99 120 137  57  73  87  76  48  52 109 111 115 228 127 133 142 203 114
  88  83  80  81  92  70  77  47  48  37  57  70  66  82  84 125  88  91
 102  52  49  84  61 107 287]
2008 - [567 234 177 197 231 175 153 144 147 137 169 152 142 157 140  66  42  67
 115 155  85  55  58  61  65 128 173 179 479 208 168 161 169 163 137 122
 164 161 291 436 887 366 181 108 135 126 148 182 113 213 199  63  72 131
 142 208 126 167 275 190 306 282 338 114 119 107  47 159 159 178 210 327
 420 309 247 257 294 270 203 191 340 496 266 367 589 477 377 199 219 198
 110 113 185 199 111 194 201 220 249 173 280 213 240 293 289 483 663 697
 690 880 444 384 419 413 410 394 375 220 177 194 240 230 206 197 222 235
 258 288 211 164 176 249 216 195 222 182 206 255 221 234 223 211 185 182
 195 188 217 141 180 237 206 150 160 193 210 190 257 205 211 191 224 280
 236 220 258 197 174 187 228 252 224 248 319 170 227 218 253 195 211 226
 159 186 226   0 288 302 615 403 240 184 191 172 223 165 230 216 137 162
 198 223 203 236 233 278 228 156 137 166 203 216 217 200 184 197 222 256
 232 254 233 204 203 165 180 202 179 125 130 157 128 157 135 132 136 163
 130 142 140 130 141 137 129 115 133 134 154 165 139 123 147 146 115 125
 101  68  79  84  88  82  97 104 110 108 105 120 120 101 108 128 158 180
 133 153 132 134 147 198 140 151 184 147 137 132  84  85  89 101 144 122
  96 106  91  99 122 155 168 160 192 178 135 115 133 166 141 127 180 165
 195 169 178 197 182 187 155 161 151 117 102 115  45  74  81 110 112 110
 170 157 191 226 200 168 139 130  77  92  72  86  73 100 104  74  70 134
 143 149 112  27  45  72  83  70  45  23  20  30  45  51  73  79  70  56
  53  56  64  71 100 209 222]
2009 - [277 174 150  88  52  82 158 157 130 133 143 206 145 221 183 165 243 288
 339 187 223 361 308 202 189 103  83  62  74 158 367 248 173 232 214 263
 385 670 441 405 338 316 458 352 141 135 187 270 182 150 303 444 342 337
 377 327 399 233 226 179 232 255 320 499 448 622 579 491 459 387 265 157
 187 252 284 427 461 286 435 614 570 685 593 318 118 143 203 164 174 134
 173 248 130 212 308 220 257 354 500 314 303 232 265 319 399 401 549 545
 311 222 258 348 323 383 579 395 419 440 248 212 123 171 168 193 114 118
 110 142 116 136 142 154 199 178 103 130 145 176 219 315 211 158 190 172
 231 141  73 105 108 146 127 135 143 156 122 120 125 119 100  98  91 103
 119 106 108 123 124 118 128 123 130 121 184 156 173 180 183 197 195 250
 235 271 286   0 291 706 424 199 169 155 176 191 200 226 188 212 211 195
 162 199 203 185 174 154 143 141 203 160 136 139 102 108  99 108 158 134
 129 127 124 139 136 123 121 147  98 116 130 118 116 109 102 121  98 104
 137 102 107 143 127 138  99 129 136 103 113  97 103 116 132 147 150 139
 113  96  92 115  74  79  77  91  77  66 117  95 104  79  84  82 120 128
  96 101 113 112  90  83 110  81  63  71  67  63  61  73  61  54  32  25
  26  30  56  48  58  60  36  68  29  37  49  27  42  35  30  39  65  42
  75  82  88 107 136 219 206 148 100 114 110 132 101 105 105 124  82  41
  44  57  62  33  47  48  63  73 109 104  46  40  29  20  22  20  19  15
  28  31  27  30  38  23   9  26  22  36  32  36  33  44  24  21  25  13
  19  24  43  26  27  23  12]
2010 - [ 44  41  50  54  60  82  70  50  70  85 129 124 120 107 148  55  41  57
  58  47  59  78  47  61  73 109  85  91  57  21  29  29  29  22  25  17
  26  29  65  30  43  35  18  19  35  58  58 113 164 179 242 220  29  30
  33 131 114 193 237 158  42 100 183 269 552 437 516 375 190  72  79 121
 138 133 171 240 300 506 720 282 171 233 328 212 194 286 237 264 397 478
 585 737 598 366 554 522 550 348 254 453 457 409 390 438 371 432 353 317
 276 289 191 238 231 223 131 143 147 176 283 164 195 160   0 107 134 169
 153 157 264 176 216 121 120 105  95 139 156 116  74 101 128 129 156 107
 118 131 141 146 144 169 197 196 129  84  85 103 117 118 128 137  92 124
 130 125  98 111 127 133 143 158 196 165 196 149 172 175 126 175 181 192
 163 201 238 252 334 599 431 299 262 204 195 145 150 186 152 129 162 166
 177 172 141 148 139 149 142 163 181 186 136 121 120 133 141 161 198 179
 154 170 170 165 146 174 182 208 180 192 207 191 184 195 146 134 160 244
 196 182 193 195 247 252 222 160 153 176   0 174 161 178 311 322 354 223
 202 160 214 180 146 203 241 267 251 195 235 218 334 301 254 276 256 259
 116 125 118 148 163 189 239 216 197 228 240 285 301 301 291 242 182 140
 204 295 301 289 248 233 213 322 361 367 270 115 106 138 188 209 266 254
 191 191 152 103  89 175 211 242 213 194 235 308 276 186 116  63  77  87
  92 133 126 202 106 144 100  56 102 139 126  61  73  80 106 121 101 130
 157 113 172 146 169 128 140 164 208 177  91  66  88 140 157 155 207 163
  62  37 121 114 132 131 220]
2011 - [ 327   90  103  116  100  107  188  242   78   16   39   59   87   99
  147  102   52   38   71   47  101  220  149  203   83   98  155  329
  587  287   84   47   75   48   28   68   86   79  114   70   56  146
  435  514  767  521  450  514  501 1090  621  547  365  387  350  168
  308  354  335  185  275  427  250  182  145  103  159  129  145  286
  400  307  241  195  189  344  494  532  439  400  455  493  395  266
  208  146  114  135  115  100  159  341  479  431  234  301  260  214
  339  248  272  279  224  254  393  252  239  213  210  154  202  162
  153  147  269  156  192  141  283  167  164  144    0  198  202  164
  195  236  190  210  209  167  194  156  141  124  159  140  149  154
  165  159  170  162  198  247  230  115  170  210  211  229  262  292
  273  227  183  248  240  232  266  201  223  190  256  282  278  215
  192  276  286  256  213  152  169  162  189  218  189  160  167  179
  218  284  307  543  319  229  223  190  210  185  221  207  198  181
  190  212  209  202  195  218  247  253  269  207  227  178  180  201
  193  181  172  182  240  256  213  209  277  216  238  186  177  195
  165  188  159  207  207  227  208  219  200  169  204  232  232  181
  212  294  264  249  246  188    0  255  253  285  381  314  208  231
  230  234  276  239  266  288  190  172  138  138  127  130  108  101
   73  112  125  147  109  120  128  153  164  195  162  197  177  245
  210  215  198  131   64   93   63   90   99  116  175  140  110   84
   85   98   97   88   92  144  117   77   59  101   98  115  135  166
  141  107  130  114  118  142  147   91  180  262  276  237   85   67
   67   83   98   76   46   57   35   56  100  100  127   56   52   66
  144  116   87   89   66   31   54   47   38   58   62   51   50   62
   69   70   71   71   96   77   34   53   33   51   23   61   35   58
   73   90  143]
2012 - [177 207 179 212 242 246 193 153 110  66  56  70  92 204 183 195 118  61
  91  87  71  86  77  58  56  50  41 104 143 209 251 137  61 102 114  78
  73  98 139  99  67 203 185 186  69 108  41  47  77  63  98  81 157 236
 191 227 288 167 182  84 131 121 166 234 288 382 352 205 107 283 284 226
 227 322 304 287 406 307 302 307 350 248 174 154 160 270 291 239 206 208
 152 198 178 226 283 197 347 404 338 443 377 285 317 293 408 271 258 231
 175 162 185 134 151 178 205 149 143 138 199 197 218 148 141  98 104 148
 147 100  76 114 109 145 196 143 148 119 133 142 207 203 170 207 182 173
 176 187 223 197 214 148 128 116 161 146 135 133 124 140 110 165 182 152
 136 138 124 130 117 163 183 187 200 173 215 196 208 201 250 303 359 356
 353 378 346   0 312 396 803 453 276 269 197 205 213 209 173 173 164 111
 146 170 157 159 157 192 187 167 167 164 201 122 168 146 170 163 166 165
 177 183 209 184 165 167 139 146 157 154 155 143 122 117 120 131 108 117
 104 145 152 132 119 147 109 159 175 154 147 205 162 177 113 135 104 124
 134 152 143 141 134 122 101 153 134  80  67 121 100 104 119 122 153 127
 106 119 130 119 119 109 147 132  89 100  99 100 122  85  64  91 106  95
  90  89  69  89 101  79 120  87 101  97 110 138 105 107 109 202 172 176
 156 204 201 139 154  75  71 120 156 247 295 131  48  47  49  75 143 203
 129 159 181 192 221 204 273 277  73  56 116 121 175 170 150 140 100  68
  51  56  43  61  32  43  68  30  48  32  14  48  66  78  79 135  60  33
  27  16  16  20  19  23  26]
2013 - [ 46  15  39  49  76  60  63  58  47  63  42  46  61  69  61 101  81 105
 151 148 171 180 228 207 144 142 129  84 124 142  93 145 237 244 103 148
 179  69  53  95  93  37  54  41  61  89 112 226 260  98  66 158  50  82
  96 130  48  60  80 125 125 174 268 173 234 220 299 415 482 157 121 287
 337 553 720 267 149 190 285 222 189 160 112 158 170 284 346 439 440 120
 131 287 294 237 265 486 475 368 373 343 182  92 187 197 122 139 132 136
 107 131 183 236 159 190 181 286 366 320 212 217 242 227   0 260 328 338
 325 269 209 136 194 196 221 294 308 225 194 171 152 110 101 118  84  97
 156 198 190 160 160 127 140 142 173 133 109  91 115  94 107 118 121 113
 110 136 162 129 152 163 136  96 117 140 143 159 166 115 120 163 172 134
 194 174 165 207 268 607 327 236 171 130 164 167 132 143 167 113 123 109
  94 137 139 126 128 114 111 107 110 107 116 119 122 135 115 110 115 136
 170 148 137 148 143 129 108 107 126 109  80  84  89 143 135 137 143 137
 112  97 112 119 107 138  74  94  98 149   0 144 103 117 100 129 126 132
 113 122 120 117 117 127 150 144  98 117 110  96  79  67  63  64  92  88
 100  74  76  64  55  71  74  79  90  90  82  62  67  63  68  80  52  56
  58  61  46  68  55  46  64  67  65  99 107  92 136 128  95  87  90  73
  50  62  75  95  94 141  55 109 130 259 219 215 207 302 157  90  85  90
 146 185 143  85  79 170 157  30  23  38  69 108  63  54  56  54  29  27
  15  20  14  23  19  57  42  21  18  65 106 125 150  96  84  38  22  20
  28  50  70  73  37  34  57]
2014 - [ 59  64  81  90  52  82  96 100  87  42  79 173  82 105 136 215 240 398
 303 531 370 219 194 207 446 453 371 125 119 193 156 232  54  33  24  34
  24  38  66 108  50  42  39  68 142 151 190 256 226 236 332 191 388 281
 270 188 119 247 283 289 277  66  48  67  61 109 251 271 492 631 267 408
 698 733 127  92 167 111 385 556 576 257 329 358 386 474 119 146 286 312
 584 491 320 190 333 276 133 157 302 568 492 564 454 302 122 177 240 330
 487 422 548 276 301 402 313 312 237 189 119 130 158 226   0 304 371 310
 305 246 239 168 167 157 132 148 141 132 137 177 213 165 180 155 166 157
 216 215 197 138 115 139 121 145 140 153 145 131 115 150 167 133 102 111
 122  98 111 129 111 141 133 134 124 143 144 124 118  93  97  77  81 121
 144 179 155 184 193 438 316 230 215 187 169 140 149 147 151 145 108  93
 100  98 118 142  99 124 101 115 131 129 153 149 124 128 104 122 114 111
  91 114 129 140 122 123 113 145  97 118 104 110 140 113  85 100 117  98
 105 133 122 110 142 169 181 172 152 113   0 117 113  89 103  95 100  81
  98  77  96  94  91  93  99  88  83  69  60  72 106  97  95 110 130  83
  89  97  84  54  72  89 100 105 110  93  83  77  89  87  76  79  69  92
  72  66  70  56  52  94  82 101  82  64 104 157 163 140 169  87  98  89
 133 163 197 261 116  70  80  76 109 215 200  87  88  79 154  87  27  60
  81 156 149 266  83  96 113 121  80 159 200 199 102  75  40  59  35  44
  39  45  88  75  74 136 204 112 108  64  39  77  53  20  20  33  19  16
  35  26  27  15  22  24  32]
2015 - [ 48  35  27  20  47  61  79  95 104 145  47  21  21  47 101 130 199 331
 420 210 202  89  58 147 125 144 211 258 218 194 257 118  66  72  72  88
 201 571 453 232 145 211 285 301 830 332 113  45  99 126 144 208  62  50
  56  84  27  30  61  20  40  41  49  73 126 393 403 175 236 308 234 220
 250 405 510 377 315 151 165 368 426 269 201 168 107 176 429 423 417 686
 545 442 276 419 370 378 157 126 149 236 434 490 445 285 385 357 204 399
 380 102 115 185 160 168 245 212 210 276 283 243 237 445   0 453 553 279
 217 294 304 260 236 173 175 182 179 190 128 132 133  88 148 160 236 304
 299 220 171 176 109 130 213 122 104  86  59  80 105 129 116 129 115  87
 132 119 143 143 133 107 135 133 141 137 147 151 141 166 141 153 148 134
 130 158 138 144 176 443 276 126 112 116 113 135 132 122 154 133 140 133
 148 150 140 170 143 161 163 169 191 157 193 170 214 198 231 289 232 272
 212 188 161 165 204 220 228 145 198 184 220 220 202 150 156 129 107  95
 115 105 143 121 143 135 156 176 156 122   0 146 162 148 126 177 207 225
 189 150 111 116 137 178 170 159 116 149 172 177 193 147 166 185 147 197
 232 173 134 111 125 122 132 158 145 113  99 133 118 117 118 191 194 223
 293 271 264 312 370 404 308 207 191 144 112  92  77  69  97  81  64  62
  69  56  89 102  85  87  72 121 109  65 130 116 187 210 174 138 151 135
  43  80  93  71 122 118 107 119 127  52  34  32  38  20  37  45  55  89
  66  71  88  69  92  75  73  30  39  48  26  30  58  58  37  44  29  33
  14  22   8  14  13   5  15]
2016 - [ 40  41  52  39  52  29  48  22  19  32  21  78  83  89  59  62  36  51
  71  42  34  50  59  71  60  64  51 130 180 260 184 139 149  72  84 127
 167 192 346 225 217 244 211 353 202 130 145 165 314 271 296 154 125  74
 105 112 154 437 471 333 261 169 210 166 349 445 310 334 371 281 208 332
 205 177 193 300 341 295 201 228 327 585 483 424 151 236 166 237 302 280
 234 122 216 311 337 268 251 228 235 364 301 207 140 213 282 330 547 581
 501 388 455 437 203 233 286 230 112 125 150 164 218 154 120 124 102 172
 172 181 179 169 124 144 190 135 157 162 216 147 136 154 165 200 169 180
 153 147 172 140 197 207 144 165 138 120 140 137 115 132 142 173 170 194
 151 180 145 175 207 157 212 240 277 282 231 266 243 281 302 292 309 237
 203 215 213   0 331 457 788 335 236 221 185 218 185 240 247 240 237 222
 219 194 183 190 251 264 265 290 279 235 219 237 204 192 229 193 162 166
 176 206 232 205 204 225 230 167 144 176 150 143 172 163 167 137 117 137
 152 135 155 146 143 151 181 168 158 160 131 110 108 134 117 162 145 149
 137 168 189 167 165 145 136 151 180 152 133 104  96 138 111 134 160 168
 138 109 210 173 167 196 169 163 204 204 164 161 226 271 259 234 183 176
 187 158 156 190 185 184 182 236 288 305 243 255 274 178 222 263 276 296
 318 236 208 251 267 270 348 250 191 250 362 349 318 278 249 272 317 288
 350 338 318 327 277 155 161 210 170 356 112  80  75  75  77  50  26  23
  19  34  47  83  72  35  38  33  84  77  57  35  49  72 125 166  97  71
  49  58  73  70 170 225 133]
2017 - [121  52  54  43  49  30  59 100  86 156 167 121 104 118  74  89  91  97
  78  63  85 107 107 100 101 155 168 277 336 409 504 329 206 168 309 285
 272 249 169 198 302 421 299 353 228 187 287 520 500 350 356 284 205 212
 261 562 412 260 198 223 267 402 606 405 390 266 364 587 268 323 174 135
 122 232 262 327 552 504 570 488 359 525 385 333 178 174 166 168 207 140
 243 231 161 121 151 202 254 381 407 504 450 281 327 451 551 310 270 249
 198 157 194 242 186 139 107 112 113 150 186 182 134 186   0 196 183 172
 212 184 168 172 185 180 153 197 157 153 176 237 223 194 188 174  99 110
 146 130  97 163 167 161 119 110 134 131 162 142 126 120 126 133 190 220
 182 195 181 181 210 163 153 151 157 179 164 159 168 187 178 203 208 254
 155 189 248 330 402 751 429 279 220 244 243 180 191 191 179 188 203 202
 186 147 189 207 210 239 203 166 177 161 166 166 180 201 204 195 168 171
 184 147 142 120 129 109 111 124 119 112  94 114  96 116 128 176 159 131
 132 123 110 111 141 170 152 138 123 133   0 171 168 171 189 122 120 108
 159 185 133 144 117 115 136 106  96 123  98 105 100 113 110 129 124 134
  98 113 112 123 171 165 142 155 164 155 157 120 103  99  79  64  61  83
  95 117 144 168 181 163 186 159 161 122 161 137 150 133 113 131 112  97
  94  94  60  68  60  59  68  29  29  48  84  69  61  60  63  58 102 179
 119 134 126 103  86 208 183 226 276 314 261 153 113 143 144 149 101  50
  47  71  61 113 163 138 166 125  95 177  44  59  86  53  50  29  33  42
  53  60  30  52  79  77  85]
2018 - [229 169 181 195 238 239 201 124 106  73  59  54  93  97 102  82  74 115
 170 263 208 138 162 191 347 342 302 161 110 185 245 194 188 350 116  99
 116  88 126 158 112  89  83 108  90 159 173 155 186 109 142 134  88 126
 185 140 176 189 118 140 377 507 412 363 240 209 256 409 421 199 198 312
 412 602 489 432 437 258 207 296 436 349 395 342 306 149 183 215 302 372
 216 310 263 266 355 304 226 155 149 243 367 673 506 436 218 269 321 308
 324 380 543 634 603 458 251 301 319 567 648 638 575 469   0 372 338 441
 370 393 317 351 297 330 323 274 266 236 217 206 240 200 166 174 120 154
 160 194 194 195 196 156 189 173 170 195 212 222 152 182 191 224 222 204
 236 261 197 279 203 181 173 168 170 153 169 218 219 192 191 210 208 205
 270 258 241 273 319 850 411 285 322 301 259 250 244 224 255 221 186 207
 217 214 218 226 235 181 198 211 235 188 186 172 190 168 170 155 175 178
 217 195 184 159 175 156 172 167 161 132 103 130 126 134 124 125 100 102
 134 123 123 133 128 110 141 157 122 132   0 164 167 160 120 125 119 103
 140 113 105 108  96 123  92 129 125 130 122 107  98  99 130 112 101  93
  93  69  94  78  80  60  65  81  51  73  52  61  58  50  46  42  64  65
  70  81  72  95  95  83  85 113 110  78  86  59  79  80  81  72  60  85
  62  48  81  67  48  43  50  72  47  70  83  68  60  56  79  72  75  78
  66  65  85  67  67  88  53  52  54  76  60  39  38  37  52  38  55  40
  33  23  29  41  42  59  35  35  51  62  44  51  34  36  53  46  40  43
  59  48  53  41  40  46  57]
2019 - [ 29  13  18  27  41  48  33  63  88  73  68  39  38  19  29  33  50  32
  52  25  56  49  44  15  26  50  39  73  31  39  59  66  96  60  83  81
  72 104 115 181  71  27  26  59  84  70  32  24  31  25  18  18  25  44
  57 160 106  51  45  33  20  18  10  28  73  79  62  65  42  68  76 131
 191 110 177 238 255 285 300 210 302 462 402 203 285 404 436 297 378 140
 224 273 564 424 111 209 231 209 203 221 163 138 232  82 139 200 205 146
 191 276 207 269 189 243 244 251 220 258 126 115 120 106   0 121 220 209
 161 162 107 116 109 141 114 136 163 147 114 128 121 121 117 134 103  86
 152 165 183 179 176 209 191 151 170 204 206 215 108  95 112 168 131 120
 100 110 126 136 118  98 103  86 106 108  96 149 116 103 134 141 116 163
 159 188 166 156 161 443 215 179 164 140 125 132 160 124 165 152 129 147
 127 145 125 156 147 156 135 148 136 166 219 181 184 206 148 148 177 156
 126 167 145 118 122 147 155 150 166 136 127 156 167 157 156 167 136 144
 141 123 117 141 125  89 151 117 142 157   0 138 190 148 150 162 142 174
 133 147  88 112 163 169 169 152 201 185 166 181 175 220 246 229 227 262
 203 182 203 189 175 190 205 242 242 228 134 140  88 134 170 183 195 160
 132 102  70  85  75 100  61  59  89  81 108  82  74  59  66  59  52  49
  68  82  80  94  78  89  55  59  86 140  97  38  50  59  61 134 115 112
 130  92  79  52  53  69  85  87  88  89  61  81  54  47  66 106 123  60
  78  75  48  30  42  35  30  27  29  24  23  32  54  31  32  37  51  49
  67  56  49  40  15  28  66]
2020 - [102  51  40  64  86  83 104 153 143  68  91  54  27  28  33  51  61  40
  45  49  60  56  45  45  48  44  30  48  34  31  39  65 137 161  65  32
  76  51  74  60  36  36  39  31  38  80  54  78  49  66  50 112 218 234
 133  55  57  89 182 305 257 195 131 140 208 247 345 548 484 134 132 186
 128 190 242 186 113 203  89 146 185 206  95  95 129 191 210 248 326 292
 153 163 233 292 277 250 391 359 280 273 305 386 178 121 130 173 223 263
 257 252 192 247 240 187 173 334 309 223 207 204 177 184 292 273 224 220
 321 345 237 265 250 243 280 271 252 213 238 250 185 257 218 249 241 263
 245 191 143 167 134 140 194 194 181 191 144 166 183 170 190 182 170 191
 185 208 286 243 224 228 208 201 193 242 213 174 177 177 194 229 216 221
 178 175 217   0 219 354 891 440 237 196 163 197 200 201 180 185 176 178
 159 154 205 237 179 187 166 171 120 171 190 192 135 156 142 150 210 192
 183 144 146 133 157 175 214 210 171 151 183 218 172 194 198 153 145 162
 163 181 167 158 145 160 123 121 156 126  91 115  95 106 115 185 205 267
 141 103  99  92 104 111 114 133 100  83 115 123 154 169 125 161  94 116
 127 120  99 124 108 103 107 111 119 131 118 133 132 144 158 122 116 106
 116  95 104 171  95  58  72  78  71  64  73  59  50  48  47  52  91  90
 115 144 178 238 233 220 286 253 204 178  48  63  61  94 111 165 207 214
 275 217 142 125  91  84  62  38  49  59  46  75  68  60  53  65  71  55
 110  97 123 138  81  55  31  27  24  24  32  35  30  36  46  98  98  62
  55 128 107  82  82  57  46]
